3016
6936
3774
5386
6697
3128
4869
9538
3702
9714
2688
9019
4781
1088
3990
2547
3894
9978
7147
6177
5424
3512
6366
9090
7035
4086
5500
7745
9229
8722
7817
2245
3010
7943
3983
6060
1071
5205
5598
3773
4919
4638
2792
6052
4726
3135
7599
4973
3113
2099
7502
4889
4611
3868
3979
1647
4306
5831
5744
9888
4554
3561
2133
3916
1505
2469
8976
7928
6674
4574
1702
7945
8213
9846
3998
9291
2981
1597
4264
2446
2696
1766
3687
3660
1987
4019
1659
2645
8850
6403
8885
9756
6317
1019
3673
4174
8840
9001
2102
2866
9928
9156
9811
5493
6355
3809
4784
5688
1759
5401
7135
3455
3519
7174
6115
1858
1193
6774
9856
6396
9530
8741
6152
5847
6112
6177
6373
4952
5179
4827
4170
2459
3984
3982
6952
9339
6791
8088
5027
7550
3489
8514
7358
3361
3041
9825
1571
3234
3952
1427
8630
9834
6521
2135
3033
2633
7312
8406
3938
8843
3233
7108
1302
3569
1090
7254
2908
4234
5343
4288
8136
5184
9154
5494
7545
2195
2672
8117
1782
5624
5896
9412
2810
2417
1547
4843
1403
5212
3249
4341
4055
5482
1449
4358
8052
7892
7964
7312
2126
3307
7952
9262
4844
7107
2109
2389
5654
3781
6858
6436
5757
9107
5849
7567
1524
3748
2410
8279
7960
2011
2620
8368
6493
9422
2726
1897
7314
7042
5562
5792
9350
3514
2406
4194
6973
9867
2935
2628
1000
6146
8064
5757
5253
1265
9676
3129
1366
8438
1409
5678
9449
9381
4046
3295
8803
3124
1544
3469
9167
6106
5613
5869
8621
7020
6415
5594
6887
5702
4574
6888
1848
8991
8997
3453
6608
6026
2935
4326
4464
9696
9005
1266
6429
9403
3561
5233
8880
1457
5054
5399
6564
9668
1268
2537
4040
4035
4483
9927
8737
8058
4167
6938
4401
3165
6743
1009
5543
8678
4336
9007
5726
9693
6625
2156
9096
6538
3741
5328
6996
7795
9727
3560
4815
7347
2449
7855
1382
5932
5135
6472
1342
8302
9762
4743
7819
6505
4753
3362
2536
5441
8722
7262
2486
5347
5770
1582
1886
5863
3263
5234
3659
2990
5146
4826
6690
6595
2682
7072
2527
6817
9896
2870
2471
9658
6613
9291
6164
7718
9005
5052
9511
7727
2314
1997
9427
4437
8932
7665
9300
2195
2899
9311
1537
4397
4138
7227
9992
5820
1652
8871
8989
1548
8093
1460
7559
4707
7103
1075
8777
6109
5127
8289
1188
3793
6638
6967
7230
5570
4632
6531
4117
3883
3194
4655
7280
6332
1882
7272
8504
8886
3496
7493
6787
1589
5306
4346
2648
2409
1773
1426
4870
5900
6067
5059
8693
9057
2026
5924
4628
3011
8807
7745
5894
8353
8752
9527
4686
6987
4151
3190
5873
6647
7036
2660
7237
8694
3358
8885
1103
4131
6663
2326
6383
9082
3737
5077
5492
4763
7353
9120
4126
3512
4217
6373
1865
9322
5900
2903
6309
9051
2446
8534
5699
5834
7547
9288
4528
7257
5525
1983
7741
8541
3309
4124
4975
6046
5553
9467
7162
2906
5939
7640
2770
6509
4013
9988
5831
8913
2891
8492
7965
4337
7026
1016
9171
4573
9304
3699
8183
4829
2035
5924
3370
4344
9048
7346
6743
4602
4165
1257
3860
9105
7897
5631
5614
1911
5619
1445
9824
4862
6289
5141
8200
3315
5157
4723
4241
1813
4775
2424
5643
5810
7348
5365
6506
3748
9063
3249
7350
3229
9858
7563
2334
7756
3194
4300
6019
5165
2097
3195
9027
7386
7337
4579
7053
8846
8303
1294
9660
3078
9070
5303
7888
3770
7020
4394
6519
6084
3996
1221
5665
3854
7784
6999
1610
7330
1299
6629
2495
8748
6177
7875
6134
3514
2454
3187
8712
9757
9834
8372
9187
8904
1027
7075
9027
7048
7822
2898
9484
1818
9471
5149
4672
7256
8500
2635
1938
6151
5616
9786
4899
1793
7661
1033
1659
6467
3220
9372
3577
9406
7744
2764
5663
5124
6192
4690
2172
1366
3940
8008
2184
3411
3157
3208
7019
1657
4843
7958
6808
6812
7744
1707
4957
2757
8092
5617
5576
1312
2341
8153
7071
6437
7270
2734
1561
9814
6424
9085
1180
9364
7093
8716
9127
6602
1924
6147
7259
3120
4105
1419
8932
8201
8478
1241
7310
6570
5858
2886
4235
7199
7392
1306
9989
2014
3040
1550
1828
5816
6988
8360
2532
4081
7076
1659
9684
5352
6806
4295
7472
7263
2067
3756
5464
9545
3998
9126
3468
6208
2013
4055
9760
5757
4361
9749
6771
3753
7651
4951
5921
4639
9663
7453
7721
6739
5464
4757
2091
8623
5404
5916
5886
3823
8672
7703
9721
9022
6829
3189
5231
5194
6244
4991
9951
6957
2092
4074
7062
8743
5377
2983
3383
5040
9436
7456
1779
2252
8565
9223
9875
1321
5139
5762
4145
1163
3465
3866
9186
6646
3407
1769
1841
8651
5760
8144
2960
4204
2219
9022
2947
6596
2005
2682
1637
7793
9138
8768
9045
5055
7991
6273
5377
9482
2035
8522
9646
1852
8740
6184
7498
2147
6953
5691
7150
9065
3836
9110
3269
5055
8132
2568
8003
6489
4251
5992
1634
9741
4761
9679
2149
9104
5952
6526
5939
4339
2400
2937
5191
1140
8121
9042
2287
2426
4733
8437
1491
7569
4899
1112
8976
9383
9032
4332
5872
3283
9324
6506
9377
1437
3537
1526
6894
5842
4404
2833
9181
5804
4770
1725
5944
9243
7119
4583
1669
1852
9372
8512
5774
4271
5976
2102
3654
5008
2786
5878
4644
2111
2384
1373
8900
2273
1899
3146
7115
5303
4979
3649
7459
6101
1726
3403
2696
7845
4338
9717
8697
3710
5581
1823
6981
7909
9278
6987
2918
2064
2865
3914
9527
1601
4287
5780
2874
2538
7926
6342
4193
9258
6343
1652
2711
7069
1407
4408
4914
4745
4125
9963
4807
6059
1787
1788
3968
7417
5127
3238
8481
6992
6152
8009
4945
6791
1141
4171
5681
8067
9513
8874
7325
3208
6878
9037
9277
7285
9797
4191
8382
3922
4155
3189
6333
2294
3977
9302
8711
5456
2540
4544
8800
7693
8905
3745
1836
9046
6917
6518
7114
3782
2744
1791
3343
8623
